{
 "cells": [
  {
   "cell_type": "code",
   "execution_count": 2,
   "metadata": {},
   "outputs": [],
   "source": [
    "import numpy as np\n",
    "from random import randint\n",
    "\n",
    "def loadData(file):\n",
    "    content = np.loadtxt(file, dtype=np.str, delimiter=',')[1:]\n",
    "    types = [line[2] for line in content]\n",
    "    attrs = [[float(num) for num in line[6:11]] for line in content]\n",
    "    return types, attrs\n",
    "\n",
    "def splitCases(x, y):\n",
    "    if len(x) != len(y):\n",
    "        return [], [], [], []\n",
    "    trainX, trainY, testX, testY = [], [], [], []\n",
    "    for i in range(len(x)):\n",
    "        if randint(1, 4) > 3:\n",
    "            testX.append(x[i])\n",
    "            testY.append(y[i])\n",
    "        else:\n",
    "            trainX.append(x[i])\n",
    "            trainY.append(y[i])\n",
    "    return trainX, trainY, testX, testY\n",
    "\n",
    "types, attrs = loadData('./data/gf.csv')\n",
    "TrainX, TrainY, TestX, TestY = splitCases(attrs, types)"
   ]
  },
  {
   "cell_type": "markdown",
   "metadata": {},
   "source": [
    "- 将数据按照枪种分类，并且计算每一种枪的高斯分布模型以及每一种枪的个数占比"
   ]
  },
  {
   "cell_type": "code",
   "execution_count": 3,
   "metadata": {},
   "outputs": [],
   "source": [
    "def splitByType(x, y):\n",
    "    _groups = {}\n",
    "    for _i in range(len(x)):\n",
    "        if y[_i] not in _groups:\n",
    "            _groups[y[_i]] = []\n",
    "        _groups[y[_i]].append(x[_i])\n",
    "    return _groups\n",
    "\n",
    "def gaussianFit(_attr):\n",
    "    _n, _m = len(_attr), len(_attr[0])\n",
    "    _mean = np.zeros(_m)\n",
    "    _sigma = np.mat(np.zeros((_m, _m)))\n",
    "    for _j in range(_m):\n",
    "        for _i in range(_n):\n",
    "            _mean[_j] += _attr[_i][_j]\n",
    "        _mean[_j] /= _n\n",
    "    for _i in range(_n):\n",
    "        _tmp = np.mat([_attr[_i][_j] - _mean[_j] for _j in range(_m)])\n",
    "        _sigma += np.transpose(_tmp) * _tmp\n",
    "    return _mean, _sigma\n",
    "\n",
    "Group = splitByType(TrainX, TrainY)\n",
    "names, pClass, means, sigmas = [], [], [], []\n",
    "count = 0\n",
    "for name, attr in Group.items():\n",
    "    names.append(name)\n",
    "    pClass.append(len(attr))\n",
    "    count += len(attr)\n",
    "    mean, sigma = gaussianFit(attr)\n",
    "    means.append(mean)\n",
    "    sigmas.append(sigma)\n",
    "pClass = [num / count for num in pClass]"
   ]
  },
  {
   "cell_type": "markdown",
   "metadata": {},
   "source": [
    "- 计算概率并最终得出结论的函数\n",
    "- 这里只要比较分子就可以了，因为分母是相同的；高斯的概率密度函数也可以化简"
   ]
  },
  {
   "cell_type": "code",
   "execution_count": 4,
   "metadata": {},
   "outputs": [],
   "source": [
    "def calcPossibility(x, i: int):\n",
    "    _tmp = np.mat(x - means[i])\n",
    "    _inv = np.linalg.inv(sigmas[i])\n",
    "    _exp = np.exp(-0.5 * _tmp * _inv * np.transpose(_tmp))\n",
    "    return pClass[i] * _exp / np.sqrt(np.linalg.det(sigmas[i]))\n",
    "\n",
    "def classifier(x):\n",
    "    _maxId, _maxP = 0, -1\n",
    "    for _i in range(len(names)):\n",
    "        _currP = calcPossibility(x, _i)\n",
    "        if _maxP < _currP :\n",
    "            _maxId, _maxP = _i, _currP\n",
    "    return names[_maxId]"
   ]
  },
  {
   "cell_type": "markdown",
   "metadata": {},
   "source": [
    "- 测试数据。"
   ]
  },
  {
   "cell_type": "code",
   "execution_count": 5,
   "metadata": {},
   "outputs": [
    {
     "name": "stdout",
     "output_type": "stream",
     "text": [
      "predict: HG, answer: HG\n",
      "predict: HG, answer: HG\n",
      "predict: HG, answer: HG\n",
      "predict: HG, answer: HG\n",
      "predict: HG, answer: HG\n",
      "predict: SMG, answer: SMG\n",
      "predict: SMG, answer: SMG\n",
      "predict: SMG, answer: SMG\n",
      "predict: SMG, answer: SMG\n",
      "predict: SMG, answer: SMG\n",
      "predict: RF, answer: RF\n",
      "predict: RF, answer: RF\n",
      "predict: RF, answer: RF\n",
      "predict: RF, answer: RF\n",
      "predict: RF, answer: RF\n",
      "predict: RF, answer: RF\n",
      "predict: RF, answer: RF\n",
      "predict: AR, answer: AR\n",
      "predict: AR, answer: AR\n",
      "predict: AR, answer: AR\n",
      "predict: AR, answer: AR\n",
      "predict: AR, answer: AR\n",
      "predict: AR, answer: AR\n",
      "predict: AR, answer: AR\n",
      "predict: AR, answer: AR\n",
      "predict: AR, answer: AR\n",
      "predict: MG, answer: MG\n",
      "predict: MG, answer: MG\n",
      "predict: SMG, answer: SMG\n",
      "predict: SMG, answer: SMG\n",
      "predict: RF, answer: RF\n",
      "predict: HG, answer: HG\n",
      "predict: SMG, answer: SMG\n",
      "predict: AR, answer: AR\n",
      "predict: AR, answer: AR\n",
      "predict: SMG, answer: SMG\n",
      "predict: AR, answer: AR\n",
      "predict: AR, answer: AR\n",
      "predict: AR, answer: AR\n",
      "predict: RF, answer: RF\n",
      "predict: RF, answer: RF\n",
      "predict: AR, answer: AR\n",
      "predict: AR, answer: AR\n",
      "predict: RF, answer: RF\n",
      "predict: RF, answer: RF\n",
      "predict: SG, answer: SG\n",
      "predict: SG, answer: SG\n",
      "predict: SG, answer: SG\n",
      "predict: SG, answer: SG\n",
      "predict: SMG, answer: SMG\n",
      "predict: SMG, answer: SMG\n",
      "predict: RF, answer: RF\n",
      "predict: RF, answer: RF\n",
      "predict: RF, answer: RF\n",
      "predict: RF, answer: RF\n",
      "predict: MG, answer: MG\n",
      "predict: HG, answer: HG\n",
      "predict: HG, answer: HG\n",
      "predict: RF, answer: RF\n",
      "predict: AR, answer: AR\n",
      "predict: SMG, answer: SMG\n",
      "Rate of correct predictions: 1.000000\n"
     ]
    }
   ],
   "source": [
    "correct = 0\n",
    "for i in range(len(TestX)):\n",
    "    guess = classifier(TestX[i])\n",
    "    print('predict: %s, answer: %s' % (guess, TestY[i]))\n",
    "    if guess == TestY[i]:\n",
    "        correct += 1\n",
    "print('Rate of correct predictions: %f' % (correct / len(TestX)))"
   ]
  },
  {
   "cell_type": "markdown",
   "metadata": {},
   "source": [
    "- 我佛了，怎么这么高的……我可没有犯把train和test当作同一个的错误啊。。。\n",
    "- 用sklearn试试？"
   ]
  },
  {
   "cell_type": "code",
   "execution_count": 6,
   "metadata": {},
   "outputs": [
    {
     "name": "stdout",
     "output_type": "stream",
     "text": [
      "predict: HG, answer: HG\n",
      "predict: HG, answer: HG\n",
      "predict: HG, answer: HG\n",
      "predict: HG, answer: HG\n",
      "predict: HG, answer: HG\n",
      "predict: SMG, answer: SMG\n",
      "predict: SMG, answer: SMG\n",
      "predict: SMG, answer: SMG\n",
      "predict: SMG, answer: SMG\n",
      "predict: SMG, answer: SMG\n",
      "predict: RF, answer: RF\n",
      "predict: RF, answer: RF\n",
      "predict: RF, answer: RF\n",
      "predict: RF, answer: RF\n",
      "predict: RF, answer: RF\n",
      "predict: RF, answer: RF\n",
      "predict: RF, answer: RF\n",
      "predict: AR, answer: AR\n",
      "predict: AR, answer: AR\n",
      "predict: AR, answer: AR\n",
      "predict: AR, answer: AR\n",
      "predict: AR, answer: AR\n",
      "predict: AR, answer: AR\n",
      "predict: AR, answer: AR\n",
      "predict: AR, answer: AR\n",
      "predict: AR, answer: AR\n",
      "predict: MG, answer: MG\n",
      "predict: MG, answer: MG\n",
      "predict: SMG, answer: SMG\n",
      "predict: SMG, answer: SMG\n",
      "predict: RF, answer: RF\n",
      "predict: HG, answer: HG\n",
      "predict: SMG, answer: SMG\n",
      "predict: AR, answer: AR\n",
      "predict: AR, answer: AR\n",
      "predict: SMG, answer: SMG\n",
      "predict: AR, answer: AR\n",
      "predict: AR, answer: AR\n",
      "predict: AR, answer: AR\n",
      "predict: RF, answer: RF\n",
      "predict: RF, answer: RF\n",
      "predict: AR, answer: AR\n",
      "predict: AR, answer: AR\n",
      "predict: RF, answer: RF\n",
      "predict: RF, answer: RF\n",
      "predict: SG, answer: SG\n",
      "predict: SG, answer: SG\n",
      "predict: SG, answer: SG\n",
      "predict: SG, answer: SG\n",
      "predict: SMG, answer: SMG\n",
      "predict: SMG, answer: SMG\n",
      "predict: RF, answer: RF\n",
      "predict: RF, answer: RF\n",
      "predict: RF, answer: RF\n",
      "predict: RF, answer: RF\n",
      "predict: MG, answer: MG\n",
      "predict: HG, answer: HG\n",
      "predict: HG, answer: HG\n",
      "predict: RF, answer: RF\n",
      "predict: AR, answer: AR\n",
      "predict: SMG, answer: SMG\n",
      "Rate of correct predictions: 1.000000\n"
     ]
    }
   ],
   "source": [
    "from sklearn.naive_bayes import GaussianNB\n",
    "\n",
    "model = GaussianNB()\n",
    "model.fit(TrainX, TrainY)\n",
    "res = model.predict(TestX)\n",
    "count = 0\n",
    "for i in range(len(res)):\n",
    "    print('predict: %s, answer: %s' % (res[i], TestY[i]))\n",
    "    if res[i] == TestY[i]:\n",
    "        count += 1\n",
    "print('Rate of correct predictions: %f' % (count / len(TestY)))"
   ]
  },
  {
   "cell_type": "markdown",
   "metadata": {},
   "source": [
    "- 好吧，确实挺好用的。。两三行搞定我半天写的东西。。"
   ]
  },
  {
   "cell_type": "code",
   "execution_count": 18,
   "metadata": {
    "scrolled": false
   },
   "outputs": [
    {
     "name": "stdout",
     "output_type": "stream",
     "text": [
      "Covariance matrix for HG\n",
      "[[ 53742.96875   1333.28125  -4061.875   -11030.78125  -2615.46875]\n",
      " [  1333.28125    556.46875    327.875     -609.96875   -432.78125]\n",
      " [ -4061.875      327.875     2283.5       1339.125     -111.125  ]\n",
      " [-11030.78125   -609.96875   1339.125     4815.46875    176.28125]\n",
      " [ -2615.46875   -432.78125   -111.125      176.28125   1193.96875]]\n",
      "Covariance matrix for SMG\n",
      "[[ 2.20652679e+05  7.09821429e+02 -1.90000000e+02 -1.86701786e+04\n",
      "  -1.24607143e+03]\n",
      " [ 7.09821429e+02  1.52678571e+02 -2.90000000e+01 -1.96321429e+02\n",
      "  -1.50928571e+02]\n",
      " [-1.90000000e+02 -2.90000000e+01  5.20000000e+01  1.15000000e+02\n",
      "  -6.80000000e+01]\n",
      " [-1.86701786e+04 -1.96321429e+02  1.15000000e+02  2.51867857e+03\n",
      "   3.66071429e+02]\n",
      " [-1.24607143e+03 -1.50928571e+02 -6.80000000e+01  3.66071429e+02\n",
      "   1.58042857e+03]]\n",
      "Covariance matrix for RF\n",
      "[[15886.95652174  -578.26086957  -984.13043478 -1459.13043478\n",
      "   -256.73913043]\n",
      " [ -578.26086957  7262.43478261   811.2173913   -451.7826087\n",
      "   -885.43478261]\n",
      " [ -984.13043478   811.2173913   1592.60869565   257.60869565\n",
      "    -75.2173913 ]\n",
      " [-1459.13043478  -451.7826087    257.60869565   586.60869565\n",
      "    -42.2173913 ]\n",
      " [ -256.73913043  -885.43478261   -75.2173913    -42.2173913\n",
      "    250.43478261]]\n",
      "Covariance matrix for AR\n",
      "[[ 5.72460e+04 -1.57880e+03 -3.07180e+03 -1.26440e+03  9.71200e+02]\n",
      " [-1.57880e+03  1.36664e+03  7.20400e+01 -2.80680e+02 -1.31936e+03]\n",
      " [-3.07180e+03  7.20400e+01  1.00344e+03  5.11520e+02 -2.59600e+01]\n",
      " [-1.26440e+03 -2.80680e+02  5.11520e+02  5.10160e+02  2.51320e+02]\n",
      " [ 9.71200e+02 -1.31936e+03 -2.59600e+01  2.51320e+02  1.81864e+03]]\n",
      "Covariance matrix for MG\n",
      "[[189016.66666667   4573.33333333  -6338.33333333  -9428.33333333\n",
      "  -14030.        ]\n",
      " [  4573.33333333    811.80952381   -404.80952381   -442.52380952\n",
      "   -1365.42857143]\n",
      " [ -6338.33333333   -404.80952381    533.80952381    589.52380952\n",
      "    1174.42857143]\n",
      " [ -9428.33333333   -442.52380952    589.52380952    777.80952381\n",
      "    1376.57142857]\n",
      " [-14030.          -1365.42857143   1174.42857143   1376.57142857\n",
      "    5124.28571429]]\n",
      "Covariance matrix for SG\n",
      "[[ 4.89192308e+04  7.96153846e+02  1.40000000e+02 -9.53461538e+02\n",
      "   1.29230769e+02]\n",
      " [ 7.96153846e+02  1.32769231e+02 -1.00000000e+01 -3.43076923e+01\n",
      "  -1.13846154e+02]\n",
      " [ 1.40000000e+02 -1.00000000e+01  1.20000000e+01  1.40000000e+01\n",
      "   4.00000000e+00]\n",
      " [-9.53461538e+02 -3.43076923e+01  1.40000000e+01  7.09230769e+01\n",
      "  -5.46153846e+00]\n",
      " [ 1.29230769e+02 -1.13846154e+02  4.00000000e+00 -5.46153846e+00\n",
      "   1.59230769e+02]]\n"
     ]
    }
   ],
   "source": [
    "for i in range(len(sigmas)):\n",
    "    print('Covariance matrix for %s' % names[i])\n",
    "    print(sigmas[i])"
   ]
  },
  {
   "cell_type": "code",
   "execution_count": null,
   "metadata": {},
   "outputs": [],
   "source": []
  }
 ],
 "metadata": {
  "kernelspec": {
   "display_name": "Python 3",
   "language": "python",
   "name": "python3"
  },
  "language_info": {
   "codemirror_mode": {
    "name": "ipython",
    "version": 3
   },
   "file_extension": ".py",
   "mimetype": "text/x-python",
   "name": "python",
   "nbconvert_exporter": "python",
   "pygments_lexer": "ipython3",
   "version": "3.6.8"
  }
 },
 "nbformat": 4,
 "nbformat_minor": 2
}
